t2_lead_lag_sv_5m_hepsi_k3_e5_t12
           count       sum      mean
direction                           
-1           126 -0.049218 -0.000391
 1           123  0.848331  0.006897
          count             sum          
direction    -1     1        -1         1
yil                                      
2020        3.0   NaN -0.032014       NaN
2021       36.0  48.0 -0.061228  0.510838
2022       24.0  30.0 -0.021877  0.120599
2023       27.0  18.0  0.024313  0.102006
2024       36.0  27.0  0.041589  0.114888
t2_lead_lag_sv_5m_hepsi_k3_e4_t6
           count       sum      mean
direction                           
-1           216 -0.121670 -0.000563
 1           171  0.450492  0.002634
          count           sum          
direction    -1   1        -1         1
yil                                    
2020         12   3 -0.022799  0.040806
2021         78  66 -0.159083  0.226475
2022         36  36 -0.032540 -0.027108
2023         48  33  0.068433  0.104496
2024         42  33  0.024320  0.105823
