== t2_meta_4h_kanal_top[n14-20-30-48_cikisiz-bariyer]_n48_b3.0-1.5-H60_logit_tam_taban0.0
 yil  getiri  sharpe  alfa   beta   BTC   ETH    SOL
2020   0.024   0.614 0.014  0.007 0.067 0.030 -0.024
2021   0.412   1.328 0.003  0.127 0.105 0.044  1.096
2022   0.324   0.961 0.170 -0.149 0.133 0.479  0.236
2023   0.762   2.089 0.234  0.245 0.440 0.082  2.198
2024   0.268   1.077 0.236  0.037 0.494 0.219  0.056
islem 477 uzun 277 kisa 200 uzun_net_top 1.502 kisa_net_top 0.364
== t2_meta_4h_kanal_top[n14-20-30-48]_n48_b3.0-1.5-H60_logit_tam_taban0.0
 yil  getiri  sharpe   alfa   beta   BTC    ETH   SOL
2020   0.036   1.041  0.026  0.006 0.046  0.059 0.000
2021   0.237   0.930 -0.048  0.098 0.352 -0.188 0.485
2022   0.404   1.418  0.312 -0.052 0.140  0.608 0.361
2023   0.646   2.102  0.281  0.163 0.258  0.233 1.634
2024   0.312   1.265  0.283  0.018 0.345  0.281 0.212
islem 585 uzun 371 kisa 214 uzun_net_top 0.903 kisa_net_top 0.613
== t2_meta_4h_kanal_top[n14-20-30-48_cikisiz-bariyer]_n48_b3.0-1.5-H60_hepsi
 yil  getiri  sharpe   alfa   beta    BTC    ETH    SOL
2020   0.054   0.898  0.044  0.006  0.061  0.051  0.043
2021  -0.413  -0.807 -0.343 -0.021 -0.390 -0.323 -0.680
2022   0.128   0.511 -0.148 -0.428  0.233  0.104 -0.189
2023   0.358   1.008  0.036  0.221  0.214 -0.217  1.258
2024   0.148   0.551  0.195  0.017  0.251  0.359 -0.223
islem 739 uzun 379 kisa 360 uzun_net_top 1.274 kisa_net_top -0.631
== t2_meta_4h_kanal_n20_b3.0-1.5-H60_logit_tam_taban0.0
 yil  getiri  sharpe   alfa   beta   BTC    ETH   SOL
2020   0.000     NaN  0.000  0.000 0.000  0.000 0.000
2021   0.364   1.008 -0.054  0.144 0.298 -0.190 0.734
2022   0.652   1.741  0.448 -0.089 0.012  0.809 1.098
2023   0.763   2.251  0.378  0.146 0.525  0.155 1.777
2024   0.299   1.099  0.289  0.011 0.627  0.032 0.164
islem 439 uzun 285 kisa 154 uzun_net_top 0.985 kisa_net_top 0.824
== t2_meta_1h_kanal_n96_iz3.0-H120_logit_tam_taban0.05
 yil  getiri  sharpe   alfa   beta    BTC    ETH    SOL
2020  -0.003   0.039 -0.013  0.011  0.153 -0.041 -0.149
2021   0.182   0.788 -0.062  0.086 -0.171 -0.087  0.866
2022   0.236   0.688  0.034 -0.240  0.426 -0.007  0.132
2023   0.426   1.715  0.174  0.134  0.157  0.557  0.504
2024   0.188   1.175  0.127  0.068  0.636  0.267 -0.220
islem 422 uzun 277 kisa 145 uzun_net_top 0.958 kisa_net_top 0.032
